5106
6574
58
524
2590
8496
3542
5058
4319
9933
9689
7262
4122
110
7347
2414
8916
2083
1396
9287
7187
357
3006
8190
4466
6854
4002
8187
3414
5794
7658
1795
5032
9144
1205
4596
9197
7144
5859
1010
2490
6016
5410
4086
6796
1417
7759
452
9423
8544
773
3627
7707
9615
2010
2220
6349
638
6766
1973
6870
8921
2321
9445
838
8626
8287
8671
3774
9205
5962
1985
5553
42
7552
7580
2150
9990
9626
5286
4008
8061
5402
2058
5368
368
3631
2655
456
6384
9941
1751
2133
8610
5543
4178
2988
9816
7955
1799
8048
6140
5205
1441
8300
9335
3173
7321
2981
1067
2592
66
6214
5048
8123
8489
1701
568
4666
711
473
7352
718
7183
4010
6451
8410
4202
5649
5627
2198
3353
9004
2168
2784
8058
1006
3765
7429
8837
2100
4373
3492
9658
1675
8094
3592
5099
4072
2891
6203
7101
1513
7246
9290
2103
764
7923
7392
6974
2149
609
6125
5287
1031
7017
6111
801
9061
3940
1864
8982
9677
200
3394
847
9119
1641
9719
8678
4087
2404
757
223
4162
3797
2553
5997
5517
7580
3846
749
906
332
6680
1509
6497
4638
2123
2811
4381
9990
1769
1114
9929
5405
9618
760
1496
4351
2829
9877
2415
2801
9518
4485
3172
2126
1443
1411
6661
5863
5539
9361
8723
6645
9927
6093
3159
6984
5907
753
9106
5656
9723
2845
879
5600
645
451
1607
2925
7117
3961
821
9901
272
3331
4136
7745
4999
8102
4904
1174
7282
5908
7341
8832
3521
9056
7053
3276
5375
669
713
8928
7445
6493
5552
122
3866
1313
1686
1076
2069
1725
6117
3677
8705
2587
3155
7697
3876
8699
5618
6864
4386
5853
486
9628
1903
4400
9486
8061
3519
7799
812
1260
7890
1714
7731
1552
1892
5565
1572
8897
8135
2072
3247
7704
1042
4925
941
7738
1426
2244
9029
7140
6347
8313
1300
5805
7473
1100
5734
5970
9293
9781
3006
837
773
3898
7693
9012
5942
2492
5166
3109
1224
7324
1260
744
7428
5024
7240
2465
6693
2541
4053
6664
3497
7382
7002
2549
8806
12
3572
9864
8311
8329
6121
2515
3423
1190
9792
7322
4479
2251
7382
368
3873
1212
5740
9082
3584
8014
8919
9543
6800
654
973
9638
9963
3265
6033
9596
558
5730
3489
5359
7956
873
2676
63
8346
9351
4464
5504
6336
8565
9895
9009
2735
3245
4392
2097
4827
8796
3734
8658
5112
9377
6538
4655
2364
4262
6721
2118
6308
5320
4362
1839
3603
8608
731
6394
8074
8729
3495
8680
8563
1314
5719
5134
2829
5315
8059
6749
9288
4214
6186
6218
5606
952
7968
9589
9804
6044
5427
3786
5219
5511
4924
2936
126
5130
5193
521
5469
7331
7949
3308
801
8957
23
3795
870
112
3101
8969
8814
3066
4655
6580
5079
6364
5104
10
5687
5842
1367
1286
6628
427
294
7926
1768
1797
9083
6717
2903
7960
9077
1803
6307
889
2242
8882
6944
4533
3127
2633
2909
8806
1622
2716
4721
7573
6800
1950
6358
4988
5065
469
3243
8646
5985
5904
9931
9142
1874
2778
9607
6983
580
4230
6185
4939
7275
2603
7092
2506
1222
6352
5388
4963
7872
8734
8805
8462
961
8786
4910
5499
2091
406
2499
9900
4664
5445
4928
3450
2267
4475
3851
5099
8995
144
3467
1484
3592
7992
8199
9081
5498
7590
2264
5125
5955
508
7173
2090
909
2161
1826
780
3621
8220
5393
1299
7971
4411
8552
9664
2743
2299
2630
5733
9779
912
299
2040
3905
3538
9923
7870
621
7892
2297
5658
2631
8646
8546
7676
7757
7491
7651
1635
3520
9623
8028
4347
9077
4679
9602
617
9627
3428
3214
8085
2884
3124
9798
5390
7647
2105
7605
5289
8366
2378
4320
3942
7432
5318
9315
8
9471
204
8579
1072
2427
4118
7224
9606
3395
6189
66
4965
2614
1453
5065
1471
4583
6583
6054
5957
3983
8293
8374
7207
3193
7913
9260
2966
8856
9658
8615
5557
4704
3599
6151
7372
3915
8208
4532
2433
5850
56
6324
3101
559
344
6855
2109
8695
5491
2399
7283
1136
5990
4166
7522
5385
2438
5859
1810
3576
2690
3721
2574
5148
2770
5163
7190
1682
6712
8410
8658
3987
692
4478
8623
4444
71
7186
7192
6564
4449
6953
4106
4432
7957
3976
1262
8632
1150
9816
2667
8675
6832
5477
1233
8222
3728
2233
6338
4691
9127
1522
1551
6029
7315
4286
6843
9877
6365
5634
3693
1494
4608
2342
9319
3198
5882
8817
5114
6901
1005
9762
1877
2326
9678
352
8161
9520
5864
6377
9344
565
5502
9474
5738
8904
3474
2650
9964
4466
9694
5073
432
6312
2479
3860
1438
4613
197
9866
5085
3098
1988
3030
712
6049
7840
3042
19
117
7838
7707
5595
3681
1261
9996
4798
6500
1932
3356
6150
5425
6180
7408
3771
2817
7358
4542
5328
9084
6819
3564
5181
6197
5827
3417
5371
9406
4164
1021
204
4462
5957
2613
2375
7630
2412
6586
7422
3668
1129
7559
1816
2301
6893
6785
1393
8102
2574
8420
5930
9487
6016
4491
5392
9543
8160
5691
9275
9770
4235
8678
1829
4798
4612
5130
6994
5569
8600
2658
6513
6766
7830
6509
4252
4998
9979
1737
9919
1143
671
2210
8920
3424
9903
1850
2578
9956
6877
5715
8722
8170
2096
5020
5808
1928
8569
9342
2809
331
4715
9389
3970
443
3027
1357
543
8277
752
6020
4704
3011
7780
3880
7603
5813
7423
7951
2492
9923
3240
3072
635
1985
9176
7381
8141
2236
4251
4139
3186
7297
2559
3084
4888
2229
5383
4286
2417
7782
7280
1454
4676
9138
3837
2834
1938
8814
4076
1280
5410
1260
8769
4039
9618
8295
1419
3034
5198
7484
9072
1590
6427
5495
1544
1566
2093
3017
772
9917
4913
7013
1995
4808
273
1288
8087
1272
1530
9209
5718
8493
30
6826
783
4155
986
2735
5746
8373
6789
5626
1722
1812
7355
9254
8993
4796
4115
3498
1395
7099
6393
6387
3138
1044
5327
27
4698
3619
8944
2200
950
3844
2225
2286
8717
4802
2740
8579
6092
9806
6091
9662
4
8234
4329
4493
2766
2283
1115
2667
8198
4602
9070
6991
8727
2080
3459
7591
6496
4283
9210
5183
6640
7183
4385
5944
3140
2394
3936
714
8818
1492
3419
2750
4182
6757
9687
950
998
6923
2275
2499
8218
2819
7915
8756
7441
5588
9901
928
1515
7970
809
4606
7259
5475
3935
2316
3686
8461
9144
9573
3619
4093
3281
9202
1165
9171
741
3793
731
5441
7983
107
1588
8031
3031
2511
7997
9393
1939
8889
4962
481
64
5675
3120
5511
837
353
1454
4762
1306
4346
830
2643
3052
4145
4119
2388
5801
1595
8195
5817
3305
9054
9792
9043
3411
4590
9539
5302
5842
4737
8352
5834
32
7699
392
6994
4420
2888
7700
9687
7968
3026
8949
884
2233
8067
9198
9359
5771
7078
6284
4422
4548
3883
3853
1122
232
9251
9134
9328
5744
8971
5616
9826
8854
7868
1611
4016
620
8899
5248
536
1855
2172
1591
5984
6527
2232
4968
2627
1643
2437
2080
8195
1051
9829
6172
9880
4183
4551
4732
4500
8925
3180
3925
8671
5609
7630
1634
5173
8230
8526
4585
6236
1632
8579
9812
2093
7336
3438
5766
4669
2217
3046
4182
6762
5445
6121
4673
6373
1670
2169
619
1
7061
3277
4186
4102
3362
8949
9105
6773
1467
7767
3632
4676
6038
6529
612
8958
4562
9084
1688
5877
5050
2496
3427
9649
13
3776
4178
8014
8967
531
2228
5319
1536
5721
5863
210
4445
9170
8959
6639
9615
8946
9810
2892
3480
7304
4939
4981
2094
3474
2777
1608
8990
3058
1991
4312
3145
2274
7779
6343
8002
1771
2987
4113
515
1079
8686
3508
2828
5705
2935
934
3662
9018
1482
2508
7883
7544
5152
4588
5968
2808
260
1415
4891
5720
6765
7242
7595
567
1876
7861
7168
4987
5343
1508
743
3937
8065
8565
3625
7457
6763
9957
8512
4301
9144
5660
8874
3287
3655
6018
165
599
8018
1616
2694
2622
255
5231
6703
1295
4148
6939
4158
5965
1922
5972
6694
2721
307
857
2110
2415
471
9676
9655
1808
7113
7951
9688
8669
15
3112
2635
420
2835
8617
5843
6969
6250
8221
9153
4790
4429
9663
6220
7814
1033
7124
4629
2980
6797
3863
5894
589
4391
4919
1604
1414
7687
4314
9102
4940
9730
1109
7472
529
4341
3864
3571
2769
2158
859
8937
3760
750
4045
8541
946
7916
1096
7341
595
4652
1681
1322
8014
4408
200
1482
754
6637
4833
274
9306
6661
5356
4571
4280
3897
5902
8555
5957
1696
460
9408
4732
5691
5540
4149
2047
3980
6142
5381
2279
4928
7016
8631
7294
69
8863
7215
703
2036
2204
9956
7671
6087
8193
4252
8714
6994
7143
5562
6733
3948
1124
1991
2965
584
8191
4778
8145
5719
1608
5411
6750
6678
751
2916
9282
4378
9911
3617
7241
5627
3729
3775
3259
6424
7270
5255
7201
2924
6775
4952
7804
505
2892
5035
8751
3873
6031
2990
6803
6480
5220
8665
1010
5394
1965
1274
9124
8993
2521
27
6976
4728
5690
769
7757
5793
5191
4041
4441
2789
9269
4272
5300
7725
450
9634
4967
7450
2344
5828
9121
2
3625
296
2532
3999
8886
5727
5201
7161
7746
7910
2958
458
8280
7170
5633
351
8699
6333
5311
3218
785
6975
1914
5977
170
8261
6959
9590
7960
8632
9618
724
3685
2484
6171
8620
5750
6933
9068
972
9247
2324
8237
8413
5113
9147
4438
6766
6847
8440
4272
5910
5267
9329
8260
4463
8501
637
5253
1370
6267
6661
2167
3970
4948
5694
5449
970
4304
8029
2254
3058
249
5199
4841
9671
34
3858
4969
908
6951
5550
5137
9580
8567
9337
3611
9152
570
2426
1064
2217
408
5534
6927
9536
7328
9846
6791
3497
9212
2567
6094
9224
7098
8653
4795
7358
7858
9402
842
5859
8587
9700
8025
176
7201
8142
7184
5985
1312
4581
9641
3162
6642
1919
8985
2553
9133
68
6757
7312
7751
924
2117
584
3379
4130
7038
8983
7477
8300
7655
1867
5782
4767
2126
884
5474
332
8708
3014
8299
1111
104
1334
4557
3762
4844
7978
8955
9020
7875
6954
2767
5788
7399
403
6760
1121
898
6358
1899
9252
9450
2619
3505
7784
5163
3573
2581
6966
652
3441
4982
3860
5038
4827
4913
7639
8956
2414
5838
8786
5979
4229
4814
9875
1351
3206
4466
4323
8175
5782
1064
607
6293
2731
7894
6765
9842
742
7176
315
7426
5630
741
688
9093
4756
2805
7555
8285
2064
7544
2809
4774
339
882
1154
6773
182
7132
4195
5373
2090
8514
2650
9305
4359
6624
4370
8738
9442
9670
506
2102
8212
4302
5899
2667
6926
6120
6655
4435
6389
8306
1971
533
9889
6204
2492
9535
9315
5511
463
2270
7726
793
6582
4548
3295
1386
9056
9133
8261
6846
1253
6432
5333
2747
4801
2938
2657
8176
8369
3928
8157
5253
8277
5243
3025
5473
7961
1253
1125
8728
9245
4762
4263
3235
5915
2311
9019
4089
8858
6619
7552
3441
2470
9247
7866
5711
5094
3383
9539
3136
8501
3030
6441
822
7559
6692
1821
6772
3348
5514
4336
4851
5917
5831
2047
712
8853
2041
1028
1746
4028
630
9253
8403
6316
8108
3592
3522
6636
9747
1414
7945
6119
5434
7530
7006
5147
3074
791
9676
8432
7002
9292
2654
1565
6238
2436
5049
8288
4903
6082
9865
7321
4834
2180
4693
8513
598
447
3233
1571
6770
644
4638
8916
3576
2769
2758
3932
735
1773
2728
562
1738
4543
4488
7268
7954
23
4762
5807
535
3148
94
8266
6813
4222
2431
7288
4864
3621
638
4559
6161
3318
7705
9651
8767
4267
713
7416
8352
605
9643
897
1807
3981
4465
6703
711
813
2252
7692
7776
7112
950
7914
1731
7141
6354
2939
5408
4399
5810
1355
4949
8591
6742
9353
9298
7763
207
5502
8751
6028
7469
3692
4083
5582
9169
4650
226
2428
6264
7237
1352
2941
6462
4731
5860
9235
3599
3490
2088
2670
9349
8784
8260
1301
2044
3244
1646
9679
6700
8836
2507
8842
1629
635
9779
8605
185
6236
4078
5231
4160
5830
5116
6840
2068
9819
4901
7376
5400
4851
5054
8610
8699
9106
6656
7941
342
5750
1445
2869
4818
7561
2223
9312
1906
6758
7414
436
9026
9159
4059
4165
2718
510
3844
7657
3419
727
1743
6883
348
6670
4309
7080
5497
8832
9719
8075
2520
9354
8070
8283
4866
7896
1654
6354
1424
4552
5567
9120
5686
4890
7527
9105
9824
4263
1241
9535
6972
3042
2167
7762
4501
9839
5576
3196
3677
2856
7555
5212
7547
4860
7366
8462
992
9507
8543
1728
5364
9146
2073
6542
9689
4425
4540
1767
8270
8805
6709
5976
8566
6235
3670
4376
8126
7731
4190
8092
2597
4094
9492
1204
1951
7644
7213
6835
5677
5860
1957
8204
9686
8266
4727
7031
3640
1520
2066
6369
3602
8084
8389
5191
1633
3951
358
4732
3264
671
5585
6803
4843
7703
8110
1892
1078
1809
2830
8620
7662
3101
4213
4541
3690
4188
3262
2833
1003
6458
8509
3351
2541
9348
898
515
8950
1246
4824
8302
7185
445
3596
2507
1739
7762
4315
1954
1695
1196
3240
3878
8464
3384
9704
6579
2382
1089
2631
5594
4760
9339
9296
799
5684
9212
4322
1799
1935
7506
9149
5164
3156
6918
8529
5844
9236
3840
4737
7604
6160
1137
5936
1030
9512
9144
8303
4588
9966
7894
312
8487
3614
6737
8331
7702
2874
9251
9509
3500
8912
5243
3489
5292
8590
7160
7281
5669
4878
9025
656
2438
830
8809
6999
8694
6139
5592
74
52
2346
6408
6522
3833
6780
4077
7045
6403
6755
7246
518
5452
6116
873
2671
7724
2187
899
420
3603
4814
6587
2097
9635
2829
4947
36
440
1014
3370
4879
6965
6092
4028
2960
7733
7399
2851
4874
4898
8411
982
8898
6786
513
2526
5649
6212
9801
6547
3596
3693
5766
95
9648
1382
1837
36
5503
3208
6756
1420
3367
8654
8012
6091
9805
2279
9543
2826
9477
3857
826
8454
3326
2774
6626
3912
4566
5946
2068
5892
267
6326
5109
9780
7162
242
740
8695
1353
1449
4447
918
5194
695
9383
5109
7099
7040
5367
4687
8939
6268
2528
1999
3286
5583
1730
7984
3599
1794
3971
8005
1803
4170
26
9494
3090
9950
2359
644
2160
146
6510
306
8069
336
5968
7660
7716
372
3985
5616
6938
6032
6421
7797
3607
9177
281
8402
1657
1248
273
702
4024
8130
3345
8419
3965
4868
3274
8697
8756
9840
4631
9119
9432
3845
2416
7857
4698
3937
6281
628
7895
3017
6847
870
2499
7153
2778
1055
271
9416
7547
9972
8157
2024
8688
8562
643
4093
4121
8536
6383
7759
3579
8457
2509
616
9009
7519
2760
5300
7073
664
8143
1909
1077
9315
7146
4882
465
5266
1555
6451
2535
2068
5049
2426
1670
8741
9535
9710
2105
794
8073
1987
1083
7059
4449
2097
6053
877
8999
3084
8499
8132
660
4123
6136
1334
1778
8224
627
4819
6618
8961
5197
7591
272
7768
5761
9485
4406
9675
7647
2829
3296
5506
9
2714
1888
5759
9018
1787
265
7432
5920
4098
8938
3749
562
716
2929
3256
934
3163
348
7475
5889
7745
279
3835
134
3879
2558
9409
528
7514
4120
1002
9616
6582
3229
8348
4678
2170
1040
7378
7047
2017
9389
1618
5046
6155
8667
9756
5056
2037
6557
1973
7452
4125
6862
6767
6844
9007
603
1393
528
6795
537
4889
246
7469
5759
7878
3636
2338
5137
3168
4547
5295
9513
1506
8969
1366
1635
6193
6227
2861
9896
6915
8083
9644
8996
5931
9153
5404
7072
2049
5219
5074
2084
8990
4083
3971
8435
2095
2657
3611
3654
6283
3477
8121
9039
4062
9246
2380
4111
5471
9402
8626
6834
8412
5337
9035
7333
161
4179
3571
2883
3395
343
164
6044
168
9243
7852
2252
4096
8715
1442
7986
7578
4543
7051
7929
7599
558
4788
3694
6864
6904
7169
4747
164
3808
2235
787
7260
4079
5202
7893
4231
5
1166
7618
8827
9220
7330
7081
5366
1962
7074
355
9477
314
7797
1896
4193
5686
1861
4264
9645
7440
6943
5803
1795
4733
6231
2883
4287
4232
7716
4038
2787
3396
5945
7917
9348
7178
2354
1902
7037
1591
5587
8142
9532
1593
5881
9711
681
5289
3974
1688
8250
8827
8674
2635
3093
7871
5748
8377
4167
7562
6872
9561
5818
7160
7306
9400
6537
6212
1909
9117
8540
7961
7098
1588
6013
1120
3101
8540
4812
5341
5193
6657
5978
8701
4053
3956
4368
2955
6467
5740
6293
7264
6664
7537
5289
9129
9328
5230
497
4690
1779
5153
9162
3684
755
7607
9630
5744
5601
8905
9210
6182
7622
4559
8175
919
6580
6814
6874
5018
748
4821
3765
8720
4954
860
5907
2425
5145
3267
1446
9987
893
8395
1269
9175
9364
5258
1107
7217
2496
7748
7008
3159
4804
9595
636
1069
5195
7491
9071
8973
7343
6250
8496
8793
426
5693
1255
9424
2138
6323
1782
9948
1544
237
7425
6428
3789
3560
448
9585
1710
6488
5909
7669
2830
6714
6103
8866
692
8518
6556
9035
89
7327
8303
6854
2381
6504
7713
329
1664
3574
2902
9551
1350
5050
7735
9616
5393
5544
731
8504
8696
8886
1696
1333
7648
9040
458
3137
4555
6838
8760
7884
6924
465
3809
9361
3743
1843
3666
2963
2264
465
7661
868
9537
2112
1925
6523
117
4223
624
9677
1577
586
1497
3207
880
753
3029
9653
7990
595
8197
9946
8333
6526
2267
8419
5318
527
5828
6032
6682
8025
8658
3488
5967
3593
765
2035
2634
8955
1356
6585
7401
7215
3922
4284
3824
421
5860
5134
9585
6008
6057
2306
3478
3828
5092
891
6552
5396
4550
1135
7472
6775
4105
1636
1310
6456
8724
118
6747
5843
2734
6396
5134
2082
7646
3035
5867
5361
1564
6817
7591
5080
2257
3738
5509
4322
9349
6301
5085
7160
1934
3734
8400
6428
9578
3958
9095
8891
1255
392
5365
8989
7260
8056
1885
3406
5533
3318
2901
6440
2147
5508
4148
3707
9495
9304
819
8157
7646
3762
4091
4167
8103
9205
6651
3417
1039
2730
6632
5708
8980
2241
3812
8819
6235
8730
400
659
8505
6211
5468
1294
8759
9103
8823
4464
9180
6752
421
354
4809
2792
4318
4537
1497
736
4102
6609
8400
8514
9602
3867
843
1581
612
7548
5861
7161
2810
4669
3030
5256
6947
2145
2060
2510
9147
8665
5962
929
9068
7753
6011
344
5225
5432
1886
2774
4644
2137
2389
5110
399
6509
458
5881
5256
4909
9262
5531
2326
3661
3421
6272
948
3584
1345
7577
5119
4222
83
2574
5399
4918
3494
3984
6421
327
9555
9473
2177
703
5680
6878
9600
5054
9630
3173
7981
9790
8213
9629
6858
8688
3370
9214
5252
4869
4374
1814
7823
1963
287
4489
9079
8528
9267
9455
5049
4349
7144
481
6547
3957
520
3908
7792
5346
9195
1454
1817
941
1557
6019
5806
4790
4837
7927
9577
6887
2264
1687
4617
7136
5550
3521
3643
7621
3899
9418
8945
1091
6747
3890
4531
994
9096
8103
515
6835
5507
4420
1356
6223
3562
6889
8223
1391
6124
2022
3065
4077
620
3863
467
2723
4918
8362
6549
9379
6064
1257
7792
8767
2629
4156
4108
3649
3813
6876
7233
2040
9244
3747
6039
5382
4392
6861
9672
7837
4799
8000
3826
2513
9958
7711
5273
7788
5931
2844
3728
5677
8214
6319
3422
1496
7654
7575
9205
4339
4528
5811
1984
3367
4455
3347
2448
8175
5893
6115
9685
9855
3738
7012
2246
3722
1484
9777
6
4554
6746
4085
952
6746
7794
3791
9508
5808
2916
6057
6346
3029
3677
9062
5812
118
3322
750
7166
6119
1881
9344
4847
6328
6058
5307
3309
4622
4873
8928
275
4979
8390
3222
1099
4743
3764
9749
2091
8390
943
7116
8577
2883
3964
5814
1786
4465
1167
4084
3132
3184
103
8927
1736
8891
6960
8629
2957
9013
6671
4973
2907
8650
227
9446
4907
5452
1485
3749
3552
234
9509
3792
3713
2143
1330
2957
1533
3006
5392
7185
1768
8307
8711
4036
7646
4378
9963
6406
1484
9978
2865
1187
8691
623
262
2296
7143
9331
5774
7160
1824
2398
2970
5523
2615
4225
182
24
1885
9201
4197
5672
7480
5339
6238
4818
6787
9560
7282
7666
5344
7306
5294
8946
2572
6298
6012
367
9563
3574
327
3097
1508
8137
5537
7804
9023
1993
8258
8304
4086
4543
3914
8932
5564
2993
2380
4711
9171
2511
1029
9748
6962
6057
6523
2585
3525
4570
10000
6958
6293
86
8228
4767
9244
5256
5346
4766
3084
4247
110
1845
5644
2633
9707
6674
7970
7227
102
5547
1258
5636
3541
4939
2380
3317
9671
5068
6258
1578
6318
1449
1129
8039
7358
7185
2808
7636
3469
5571
8560
7821
843
1713
6361
2340
8855
2387
519
7492
9441
1723
8176
4118
2781
2733
3761
4703
1680
2533
7319
4180
3675
2896
8473
9694
5156
7721
7468
5907
6692
9437
1721
5224
9604
4245
8327
5280
4114
8972
1904
847
6924
918
1312
154
242
4856
7731
6889
1783
5641
6209
5948
3865
7664
7719
4051
2068
646
5088
547
1323
3764
5413
75
3666
6132
3985
3902
9674
9127
3752
6961
6424
2200
7803
9086
5072
6309
7188
2978
1832
6235
8493
6232
8671
4166
4744
5293
2507
5200
7224
1246
4763
954
6311
228
1602
101
4267
2515
6650
8142
6152
4613
122
6580
7124
3166
4451
8200
1235
2569
7591
4869
9253
8865
9541
4572
1541
4519
991
5891
8480
6912
1916
4136
2421
5369
3374
3621
507
738
1464
3134
9417
1314
3554
1814
3610
3039
2201
7100
1573
8879
3138
2545
2771
9753
2276
4616
9583
6102
9485
8721
3355
136
9083
2457
9570
7779
3711
3293
6920
6432
123
3958
1115
503
669
7773
9206
6917
5900
7770
3365
3799
6014
5055
9218
48
6422
3622
4729
9420
2145
4125
205
9907
1420
7885
1023
7822
5486
5033
7509
3498
2886
8195
4552
8660
2698
3858
1303
8463
3165
5883
7780
1475
2893
7511
7158
37
1572
6485
9111
5907
4643
9520
3627
3335
561
5881
4226
7988
5395
5666
5759
609
2281
6227
5809
5748
3737
6784
2219
4140
1957
8779
9925
9503
2750
7640
96
2847
9526
3204
2338
8523
1868
5592
274
5946
1138
3109
7213
2046
8900
249
964
9166
4945
6853
8428
1075
2198
6924
2935
2049
3813
2867
5152
1778
7374
4855
3819
8954
1528
2571
8499
7828
647
7192
2278
6552
8869
5930
1002
7745
2456
7669
1202
6594
9937
7112
5130
1525
3999
3348
2474
7078
6367
1570
492
8534
2680
2473
7863
3260
2411
2123
8069
9727
7573
9564
3414
1108
4363
5012
9372
4810
6741
9102
5329
7010
5702
2141
8606
8163
7537
1291
2262
2427
6495
3692
2587
5272
7507
8292
8758
3556
3335
4480
3899
5110
5653
7924
6336
4666
9605
7942
3763
2228
6840
6127
3666
6658
6762
1767
1414
3844
6442
6142
749
2256
8465
2335
1396
6702
1470
4511
6198
1323
5860
7882
2941
1271
3046
3867
6108
2338
8620
8787
1801
4887
2571
5103
7142
1046
2404
4013
2700
3651
7882
3851
5837
9468
9019
1588
4946
7532
644
7053
2110
6092
4841
145
1383
5738
8454
6760
3064
8412
7750
5062
8640
4464
7011
6910
8909
2321
1136
8163
1710
9063
5548
1322
9191
6508
8807
7143
6754
9046
6968
4097
7788
1945
2243
9077
8995
4148
6941
6276
8071
4903
2895
1210
8833
6900
1970
8835
4788
9206
1656
3792
2032
7509
9661
9453
3259
5213
1160
701
1607
8821
4700
292
1069
2399
7453
3908
455
552
389
4513
1992
9276
7207
1660
5769
6517
427
6196
9458
9513
712
5208
9097
8051
3622
6226
647
7782
9103
4377
5368
8709
52
8997
2411
8437
8973
4187
9078
1861
2763
4284
4511
7323
2306
6174
2147
5136
730
5992
5667
6942
9767
9592
4566
2783
9919
6129
7406
206
6764
7630
2672
9997
8597
7603
5029
1757
8635
6912
5206
2381
2826
5247
3406
1664
3667
3604
3073
1833
1692
5308
4353
7814
9806
7879
3337
6127
2668
3039
349
6443
4098
5243
424
2037
1924
8003
3542
2596
581
661
979
1490
2338
8923
4741
8034
373
4064
2414
6235
9470
550
526
1289
5145
4532
9185
8227
7388
7196
9047
3569
1809
2884
1959
1515
8385
7961
3752
3664
8174
6963
6513
2704
9575
1834
6633
8574
9581
4645
7598
5321
8444
668
7197
1644
9999
9487
4166
390
129
944
3436
9134
3642
313
8626
9463
1218
3047
5858
7338
8415
5461
6604
827
6411
3994
3813
6777
420
331
5468
1790
4255
6878
2688
2149
583
666
6654
5202
9163
2419
7120
1449
5241
7852
1080
6866
6491
1556
4166
4970
2876
9521
1897
6038
9981
3333
1525
4103
1723
6764
6668
9618
1646
9772
2425
4319
6805
3481
503
5353
2948
3075
8922
312
1581
9042
9368
4215
8966
7639
3064
8349
426
1207
4156
1735
3817
4097
2996
6882
6364
5735
7174
6404
8777
1220
8675
9495
2194
15
5240
4784
8770
1376
669
567
9305
7443
7691
3111
4467
6584
2677
501
1249
5057
6081
6033
53
6222
4904
4709
6541
1885
9347
4432
9699
6497
4244
1338
3081
7463
1681
3890
9888
7617
2404
8830
9676
6650
3241
5279
4352
2306
992
2885
1857
5367
6615
7742
3516
3660
4058
1810
5729
5019
5729
829
3994
3727
9220
6365
2662
662
474
5309
8598
3146
2
1102
9574
4480
5247
418
9720
6656
5239
3093
9403
285
5819
9413
3972
9220
9704
5366
3446
2125
9170
6793
9019
9125
6532
9014
8745
1743
2526
4720
8340
6998
1749
7296
5017
4044
9545
9036
5902
9689
3382
8108
2234
5734
1355
7251
2501
8047
634
1149
3921
9220
3823
7908
9680
4748
75
3116
1720
2378
3302
4734
485
1150
2843
8037
6399
6656
7463
2964
5524
1476
9095
4921
3415
3785
6260
127
1171
4041
4446
326
8012
4363
4523
5532
8760
2426
8790
5801
897
9160
2679
4375
3173
4458
4030
5994
920
4221
2688
8209
9952
6816
1656
414
5715
6380
5525
1718
4097
3423
1964
3235
3075
4080
4243
6516
3436
5428
1491
3960
1553
2773
7163
9382
9066
7786
9728
1960
4614
3410
9975
8192
9654
1986
4397
8601
6596
2916
608
8029
7662
5369
1689
7892
224
7756
907
7457
5862
8769
3860
1083
3861
4020
2824
2346
5272
7473
6049
2142
2163
7079
4460
5995
8781
6143
7423
5247
2113
7050
8529
8789
1173
8900
9006
5609
8823
3585
9257
103
1138
7429
3438
4497
7957
2543
9173
8600
9365
3427
8077
1730
2498
3808
7363
1365
6871
6289
9288
7020
5265
9204
2412
2802
2656
8605
5869
2258
4006
7584
8697
9503
6702
6572
6722
7535
5976
1128
8601
2282
1219
1937
6814
8110
9178
6378
2494
8959
9519
7178
1286
4487
1858
9679
773
594
3733
6504
8406
1177
670
6650
2667
5375
4347
9668
549
8255
3713
6792
7214
6689
6066
9924
2909
7490
7566
8645
5621
5981
1791
2284
5686
4103
6348
5485
914
8532
3223
5906
1849
819
473
4911
5330
8872
3276
1474
2309
2523
4969
2420
6303
2555
9754
6616
3885
3988
9279
921
7890
3802
7787
7116
500
2009
9779
5162
9083
8264
8225
3049
6917
3440
7752
8743
2373
3331
4487
8711
8513
8976
352
3894
143
3534
7646
5138
1012
9860
5557
2270
2856
2110
8026
3444
2318
4906
7513
9937
2200
2703
8060
9045
420
7293
7954
5570
2800
2562
7051
1270
2614
1955
8614
4717
102
4128
4907
3015
2622
5814
5159
1721
4875
1503
3686
5040
6185
9984
5568
5383
8843
8593
7050
8789
7746
7466
8218
611
5465
3518
8561
4964
3418
3073
8496
7600
9370
710
7342
7720
3967
4804
5588
2155
3644
2158
9900
6173
4616
7817
9193
4650
5437
9029
4352
9627
7277
4656
5064
4505
2991
6770
9424
9114
4513
8431
6787
4771
3097
611
5532
9926
1951
4368
9786
137
592
805
992
9150
9185
2248
1581
4203
3286
175
2613
8166
8416
6003
4676
1189
2139
8398
9797
4436
5280
3348
9104
544
5303
8730
4253
3014
3125
1868
6740
1450
1437
9771
3989
4122
6693
1423
8555
9647
4641
2030
3648
7418
7342
4073
6902
3842
4523
7740
994
9738
9190
1115
2426
4022
2441
3072
3290
284
4523
513
1045
3026
3627
1157
7029
6775
4809
8315
7555
4011
1091
5331
8370
2027
2547
3689
8021
5238
4672
404
6966
7209
9550
4870
4354
4927
1977
4543
4886
6623
4841
7377
2968
4561
5068
6061
6256
1328
6357
9488
9715
3404
8980
8551
8649
3515
9697
2989
8167
4762
3999
5455
383
8786
6104
9786
1351
7923
1519
1484
5683
5273
8172
9444
4498
8881
4928
1390
6505
9825
1695
5873
8784
5882
4918
4355
9157
7188
2838
2862
3507
6858
562
8106
3019
6763
6456
6756
3980
5788
7335
8454
6788
1642
8191
9098
7547
2105
6943
506
4934
991
5080
619
2228
8361
9265
9394
2429
5490
1780
9795
9181
3213
4744
1887
8492
8215
3667
2262
8166
5597
3372
4169
6659
8762
6711
5219
7274
5877
2571
7583
2163
1390
7794
9331
3312
3652
8728
34
6202
9457
3191
8832
9729
8388
7369
7851
6314
4374
5328
6250
1462
7484
9289
7122
9268
5145
2908
4356
6815
127
8480
9039
4216
8161
8400
8946
5925
3342
2275
3356
6755
1338
8551
9041
9191
8147
4813
9245
2502
172
6487
2154
477
7537
7162
5781
2214
1381
9873
6230
3507
86
232
1183
1094
1515
9130
5194
9979
190
6927
7245
6440
7549
5031
3099
718
5869
7801
8996
5460
9919
9292
5708
3182
7730
5692
2379
62
4098
1766
5047
1004
7709
307
4714
6571
4703
801
9917
2647
8540
9916
423
7250
311
7727
4649
844
1926
6656
7006
7618
6444
7706
8413
4025
5192
8724
4600
3483
7406
7243
2135
3656
6053
9903
8369
70
6013
7030
2745
9919
998
7162
2720
1088
1353
3199
2238
1438
5813
1976
5643
7111
4594
2363
4211
1462
1742
5112
5154
2839
5344
9829
5842
2238
9800
3623
8029
3664
1205
5179
1443
244
8955
6918
6071
1148
728
1220
5389
1266
6182
3627
8467
4787
8353
2383
5408
7274
1456
2247
3548
8677
6468
2390
8275
1525
2861
2123
5638
4147
1976
4928
4289
6856
4080
7411
8765
5982
6252
1268
8988
6725
6874
2101
7504
2582
2681
7840
7384
8965
3933
1850
8513
6533
7730
5564
7787
6519
3768
5572
1186
2447
4987
8608
2815
3753
7661
5964
1696
4377
9601
4292
4078
7557
9568
5676
7729
8218
1048
9084
9370
6599
5399
1133
8809
1039
7094
3965
8984
538
2200
2038
6721
1242
5543
5115
8025
3661
5227
8051
8085
9867
1999
4782
8682
3547
9807
6783
6208
3740
9864
6882
8956
4135
6965
2215
1984
5688
3408
5870
521
6755
7724
6075
1933
8310
1292
1152
9330
4742
1853
8803
5597
4214
4103
78
459
3991
9624
4976
3052
5615
9435
8481
7477
8736
1249
7147
615
4154
8751
8664
241
8341
6833
1188
1143
7031
3219
2345
7534
1839
5417
1842
3001
9965
9064
7650
7896
3918
2880
5061
8943
3020
2847
8813
1839
6875
5093
7491
8719
923
3415
9466
1616
3471
1286
8762
3031
4985
692
1530
9558
9565
3571
8878
1036
640
189
6606
446
4701
2005
7598
6040
8075
5466
1316
1682
8740
6251
9042
2354
7678
2508
1081
8455
788
9078
7568
8454
5330
236
3884
9474
3451
666
754
7528
8252
9288
209
7476
1591
4868
4962
6604
7898
4694
8392
3047
9811
6
962
6346
324
5765
4802
7185
5143
6991
9449
6980
5559
2646
7236
1191
1947
1825
7972
1363
1816
8843
6011
7743
4611
4584
3877
5048
5454
5863
5708
6355
3012
4845
4268
2171
6132
8577
8921
8518
6671
2746
2994
4284
9301
8817
6698
4433
9713
5899
3585
1764
7437
2145
2045
2717
1247
8950
5785
726
3353
6933
1717
3037
8004
4424
4899
3584
223
9585
3314
5474
7629
9034
2518
4831
5943
2206
7287
4550
9504
5424
612
9616
1436
4277
9276
7134
5361
5144
9204
508
2917
4664
4253
8071
5719
6778
3440
6045
3358
4896
2723
4962
5333
5846
4868
7280
4107
5588
6106
3023
8682
6781
4698
9201
5518
9604
3032
7079
8685
7682
6021
6034
531
9560
7154
6201
4628
1086
6378
517
4686
6798
7327
1506
1747
355
4730
5446
6833
3397
4242
5655
2840
4391
1213
794
7944
3079
1593
923
3063
3036
4175
4977
4328
2956
407
3715
5656
6987
6029
6274
5182
9392
561
3575
4208
7270
2547
3231
7633
703
6827
55
7218
5734
404
7733
5277
6650
1043
9931
1134
6619
3741
6032
5978
8121
5140
1150
444
3461
2613
6471
7430
710
8533
6143
8453
4137
7113
7796
9384
6886
2970
7417
3813
488
9653
1677
6497
5344
3523
2984
82
6295
6540
2158
78
7564
4674
9863
8370
9567
3833
7935
9137
2281
1336
6476
4298
3074
9228
559
829
5345
5157
7201
9956
9132
5998
6425
2245
2704
1987
7148
6876
3801
9695
2249
4324
968
7345
2444
9361
3130
1161
794
1769
2875
8852
8744
221
7071
666
4011
345
8027
8698
1003
2018
8355
7642
4846
131
3687
9315
5430
605
2904
955
6737
9881
6816
413
3755
2194
7505
5181
8640
95
2458
7481
6594
1571
5453
7631
871
9204
163
2516
2431
3830
8761
6983
8601
5776
2672
5704
3186
1302
4997
9427
5013
1905
363
999
4759
4434
1393
7317
5277
8775
6851
9615
3998
9821
9920
3581
5268
2357
8208
2007
449
8358
9153
9233
5978
9887
4359
4014
227
3669
7764
1329
2349
443
3342
6553
3998
6928
5370
217
1765
593
7725
4036
6189
6698
5007
9041
2691
8320
5312
944
5632
9031
9890
7298
9442
1298
7163
8614
3533
7172
5294
4150
6117
6160
7426
7449
8897
9491
8353
9922
4021
3172
585
5628
2915
2521
5029
1241
5675
4302
8615
3276
114
3034
6339
5724
6134
7396
794
2610
9616
1624
2808
105
7200
5698
3807
3264
954
7303
9159
5881
7518
1664
7093
9401
6155
7796
3921
5720
7633
9459
8067
8589
5941
2981
2659
5976
5781
2209
2231
1725
6647
8795
3643
8178
9781
229
3512
356
5171
2867
2793
4412
9131
5153
636
3953
6160
3401
4676
7524
6875
9800
9251
1566
2966
6162
8349
9642
9573
3736
3922
7121
3557
5608
9831
8803
2206
9590
4262
1115
4796
2582
7533
2721
6638
629
1230
9697
1923
8408
8245
2236
6366
3541
1383
8650
1368
6439
3361
6056
1587
2311
2006
149
7293
1649
7943
2981
923
1773
6236
8901
2146
9209
1602
2844
6219
3074
3278
8505
9835
6063
5179
5160
193
9099
3658
8346
7178
4839
203
5647
1797
7558
4352
2910
9355
9121
5898
4471
91
4345
3989
158
2214
3655
9548
1183
7547
8795
6069
5840
8416
6542
9157
9183
6012
4035
5929
8621
6285
3844
157
5952
8551
5814
4609
6631
1130
4648
6546
202
1171
3846
1583
1858
6786
6614
4208
7812
1663
3842
9946
6424
3116
5468
2729
2957
1941
4851
8394
1361
1163
7198
3536
5044
8601
4981
973
9929
1650
2184
4051
4301
8526
7419
5774
9782
4301
2133
3199
3377
4584
6390
1335
6294
4104
1578
5690
2610
5550
178
343
9040
1348
2214
9646
4639
6803
639
7391
6473
1756
7806
7476
8385
9470
1843
7557
6733
5456
4964
7753
9817
6887
6397
5798
4685
8126
589
1151
9646
1615
9528
7409
4665
6310
6472
8003
5841
5064
8917
2340
7693
812
895
5572
8134
2173
459
8121
4814
7823
4556
4404
3938
525
268
7280
5725
5754
3628
4911
9200
681
3365
6784
4020
3370
7624
6811
5906
8767
7979
2946
9586
3648
4318
3111
2595
9143
4133
8278
8685
5054
6713
2958
773
1116
6370
1121
6941
997
1123
2233
9377
493
103
1757
3041
5299
5315
6886
775
6947
660
8248
398
7978
1998
5590
3962
2555
1842
8145
5487
1234
5640
2919
7388
1788
1572
1823
6919
6439
7483
9848
8967
16
5695
3133
5448
287
8531
732
4746
3307
3747
9903
7057
5584
1526
6939
5138
2277
4394
3321
1713
1142
6424
4175
3398
9553
8729
419
8306
1130
2750
489
1594
7344
8678
8023
5908
6628
77
3306
9661
3820
4122
4820
7118
2193
2240
411
217
492
1655
7832
3451
3054
8048
4639
4758
5623
8106
5052
9956
7427
8836
636
1709
5954
2479
4439
7955
4165
376
8472
1544
5824
8807
2597
9195
4071
7227
8521
6729
6981
6501
7766
1747
6769
7810
8352
7787
609
3410
2053
8796
5947
1275
718
8995
9432
8031
2853
6776
5480
8089
6992
7761
3325
8220
6605
1936
8253
5109
4650
8409
3643
7220
6127
2836
4231
1713
9873
8137
7102
2541
4187
1983
5144
4686
7725
7343
4585
9260
2965
1168
7175
9988
6269
3586
6729
1586
8631
1945
987
219
6432
5189
8434
8473
5448
9948
2943
8706
7033
6709
7831
2488
7303
7107
8940
7147
6749
2231
7370
7056
6364
1922
9680
7175
624
4846
5207
3436
7995
3738
7631
7130
1048
466
3980
1152
7213
1694
1404
3763
4075
1812
5572
482
5908
5486
123
8408
4212
1213
4569
8063
1653
7528
7688
2269
2003
1813
5042
2565
4432
6803
5151
5566
4091
574
2554
3104
293
7275
9976
5141
6324
3125
5600
3226
5258
5920
5089
9349
8024
8996
2538
2013
5739
9228
1254
1205
9061
7270
3842
2955
5988
6738
585
9037
3816
4375
7707
1589
7074
5637
8493
7118
2890
7841
7470
4531
9492
3174
3270
1773
7094
5205
1839
9341
7113
2038
3931
3377
781
5901
5378
5486
4282
4699
8287
2277
9581
8431
3539
9052
8100
7683
981
5584
4261
5528
2223
7196
6314
1645
7155
5612
4774
4025
4878
9199
4904
6306
6674
7534
233
5181
1856
1480
4477
7777
3789
7289
9
2905
8432
2690
7232
8004
5950
9267
9636
526
1706
9248
7801
7250
3548
929
49
892
8186
267
1515
1371
3409
8302
5626
774
9109
2835
3458
9304
8553
1240
6752
1017
5294
8701
7500
2042
1516
9746
1428
6793
1635
5452
9601
7992
6587
4201
2541
9462
2983
3758
8928
4553
7319
1486
9226
1173
9610
2421
7924
2878
5986
8712
9084
4643
1577
9047
6990
2464
8438
8035
9233
1244
5700
7254
732
1331
8451
699
9893
2056
3828
1674
2144
9419
9946
3934
2948
4506
466
3926
9322
972
1342
5663
2095
9499
6927
5770
6182
4223
5628
127
1042
1866
7756
9923
9619
120
4043
272
7866
8556
2156
3283
4106
2637
3223
1581
253
2316
315
1369
5305
2151
5322
1033
261
3154
2713
5004
4601
142
3423
2964
2968
191
2619
5538
1524
1597
7026
8527
7786
9004
2085
4333
3326
4325
8817
4414
6271
1833
2281
5848
1887
8456
5771
788
2235
7872
5607
474
782
4298
4968
6013
1156
4139
9985
2923
3735
4513
7046
1753
3488
5373
2602
8638
7037
2743
885
7238
1004
7085
611
495
7620
2078
2878
2820
5358
8041
4506
1156
7004
4631
3228
6768
5082
1170
4538
1891
6031
8247
7976
3879
7298
3751
6192
8168
6277
4096
7754
1157
1367
564
3536
7661
7673
9504
2532
6609
9652
5820
1996
6581
1260
1592
7477
4431
1505
3755
1558
7709
471
8744
7506
9662
9018
7904
4636
9812
9708
6454
3075
6372
6384
5678
3743
9686
9786
9184
36
4999
1350
5731
2794
3463
3940
2575
2858
6454
4593
884
6434
279
1360
9521
2783
2632
5856
3031
4376
8080
523
1575
4676
4862
2031
6845
3463
7962
9863
7632
3124
9577
7847
643
7661
5389
9406
3775
9934
8330
1764
5124
7140
9303
2051
5543
7701
3016
4041
1295
8970
518
6480
343
4245
345
3980
2582
517
5012
3840
2857
4031
6304
7712
8134
5399
3165
9662
5595
3086
677
9260
8004
461
3881
3621
9928
8488
5657
3577
8358
3271
9927
8572
8892
8192
2168
7916
3964
3799
3138
4568
8011
2844
2058
848
2874
6917
7688
4417
9476
5830
9796
1559
2754
4211
1794
2246
8796
4708
9907
8737
7153
8830
6468
4332
6784
1535
7746
3330
6223
1719
2495
5375
6680
841
4238
1591
9413
1734
2438
4964
6613
7467
6369
1972
7272
6482
6889
8867
2904
5418
4857
3117
1382
9022
7295
5397
8387
3073
5710
3815
5200
9886
5111
884
4892
539
7077
6669
7092
5320
3831
9898
3505
361
4934
4280
899
2558
5676
201
3464
8946
6085
9666
7163
7548
4153
4337
6109
2137
9171
4749
8908
1394
6502
9662
3203
790
4066
4120
9290
4524
7124
9474
1115
7726
7175
1286
3991
4945
3255
8031
7696
4107
8551
7644
3513
2712
4989
3172
3494
2325
3538
6100
8682
5054
7597
9015
9477
5328
532
8268
7707
5354
9566
5685
4008
2255
8232
9999
2197
7639
6930
1512
1370
7219
3496
1843
6852
2804
8954
4941
8510
4043
9275
2036
6252
5408
6809
6884
6394
4186
6793
6217
2918
1429
2839
6861
2897
6210
6182
5586
1852
780
89
3245
8494
9154
6126
570
2394
360
7309
4282
9274
1582
6685
9973
4879
9335
1233
7589
655
9542
9339
999
4814
2663
9534
5823
717
2919
9364
3359
6186
5533
1117
8109
4349
388
2400
9441
5752
3481
1113
8480
4226
4667
4883
6699
2595
3829
1315
8496
4290
3929
5010
4729
1627
8811
2814
885
289
4719
5852
5465
4607
2957
2105
3207
7000
3969
7567
5873
2339
3079
8967
4862
747
8027
4067
2422
8708
7985
8178
3287
9877
6749
5011
4845
3463
7417
8162
7967
7999
7302
9824
7930
6297
1759
5527
3026
1907
1801
6672
3998
8246
2074
1719
3634
4912
9131
4009
5128
7019
461
7169
2254
9876
6397
1763
4300
1240
572
1865
8373
7753
3859
452
2661
9414
3467
8954
5527
3612
1887
8579
8667
8088
552
1564
9180
5310
3187
1419
3637
2349
3287
9226
2846
4656
7447
8988
5368
1919
4886
4430
9691
4495
5693
6286
6161
7704
4023
2544
2622
2265
3078
8640
5729
1175
3539
6530
7872
9193
8354
5269
3424
9957
440
519
1960
169
4499
2946
600
6767
3965
1433
8852
4263
5222
4382
1285
8126
3518
9094
3034
9580
7274
4235
9138
3909
842
9617
6255
5329
4492
585
2203
9216
4689
3456
162
6743
8232
546
7250
5569
4585
217
6510
1356
7804
3709
8380
8705
9508
7301
7942
3078
4701
8332
9829
9523
1107
6074
8555
5499
2608
605
3651
4333
694
5874
9902
9151
8472
9186
9501
3985
5795
1049
1046
9328
5038
1655
9346
5744
2548
8624
9986
223
4116
3607
4194
1155
9606
6980
9621
8385
6947
6546
1726
7097
6078
2665
437
2434
647
2580
9303
9458
8927
1379
5647
9955
6733
4113
8108
2999
1541
7487
1388
2631
9397
5919
5739
6136
6602
3529
1723
532
9941
8629
270
535
1230
9994
7501
5227
4402
9201
4832
7437
3275
7729
925
529
1382
7090
6829
9333
3845
1728
5081
5703
4815
9195
8894
6160
8904
7252
841
6801
8134
7000
3950
5292
8583
7943
6110
6276
103
1548
1831
3736
925
6036
8451
4863
3742
1375
6364
6891
9671
205
2375
6772
1612
1572
7447
4511
3285
5886
7710
7774
5246
2229
6517
5475
8844
68
3479
87
4351
3161
4587
4661
1599
2306
9650
6885
4374
1506
9989
1213
5428
1624
146
5597
1551
822
4392
6886
6323
8740
66
2316
4083
9386
2758
6083
4464
3310
5070
8595
1787
6201
3232
7996
5132
6529
9940
7869
58
5032
1721
5592
8053
7424
2182
2668
1847
4249
3209
1533
6803
5892
8095
2598
6304
587
5660
8451
2790
3891
5703
243
8209
7633
7271
5385
2609
4175
4257
2151
4914
657
7493
5116
9790
1604
9649
2073
1194
5207
1381
5102
7519
8949
2807
3810
5006
3408
1632
9927
4268
1108
4075
7606
6312
4071
6542
506
7880
5156
6070
8261
8799
1093
963
1954
3529
5081
1340
9979
7603
3948
3597
307
5256
8717
3985
831
4882
2389
6660
49
3282
5478
629
7282
3382
1274
3834
2747
8305
7078
240
7932
1165
6957
5876
1340
4983
5533
738
6718
4608
3400
1884
9575
9348
6542
606
3886
3232
3583
1561
103
3181
4101
954
1317
7035
4595
9980
7366
8315
4875
8173
9591
8615
4945
4988
8219
9017
6650
8635
695
8600
7781
5009
3403
329
4160
586
68
3653
7512
8219
8840
4743
5934
139
232
7600
4421
9661
5066
4210
5665
47
7570
2176
2320
4843
9024
7013
3218
5362
7253
7533
4367
8120
4095
508
617
9789
5606
3540
3622
8991
1503
6487
6029
567
8134
9235
6134
4273
7306
7451
6755
8933
2820
6059
6370
6559
5272
392
9886
4748
1591
799
6010
2607
3469
9424
3628
4468
3493
1539
8850
9430
6187
2227
3440
4210
9234
9044
6392
9169
6156
4265
2767
7971
5165
4302
4750
5065
9330
2835
2494
3406
8346
1054
3435
3241
3981
5847
5956
7527
7803
6257
7050
3299
2483
5382
3145
2138
2744
4364
8962
2681
9384
483
2811
3507
2340
3171
7614
3328
2465
2095
695
8276
1926
2414
2502
8372
7064
3597
5157
2859
306
9662
8518
1665
1303
924
8764
8975
8419
3842
472
4157
2170
5287
3896
3446
9027
4834
3268
4654
263
3717
3704
9995
7217
9457
538
7604
1034
1389
4204
5801
5847
5786
8841
2919
8736
8033
401
1028
5524
3398
1336
699
8499
2010
4921
822
9525
4553
4962
3615
1870
9976
2040
5284
4867
1691
6193
1874
3267
6038
7866
810
6646
7804
1243
2908
4204
3688
7978
4702
5221
9934
7275
5407
1281
4606
291
4796
8414
6309
4683
5575
7030
6136
9556
686
8357
6905
4140
6150
6517
2090
1042
1151
3896
6436
9150
769
4953
8954
2417
581
2821
9304
6239
6413
5643
8698
5025
639
1620
6009
447
9697
3224
5060
4471
4374
9911
9404
8120
2690
9329
5546
6893
1295
9705
1014
8434
2065
119
2812
8211
4360
3859
1050
1990
7491
2093
986
6043
416
1423
5951
4909
412
8432
1707
2591
2471
7014
9357
4663
2
5215
292
7615
7468
7913
7719
6457
3305
9422
5547
7472
2997
5648
4698
9094
1581
2381
5817
7206
2225
9660
7818
2434
4250
2359
7891
7092
465
9924
8114
8243
3700
6181
9957
1949
8910
4655
3155
8315
2931
9713
6164
707
6936
9832
9407
5754
7378
4554
5268
3611
2082
4217
1242
5215
8351
5645
372
4753
8057
637
132
7374
8784
9120
1484
2601
4435
7545
2040
8213
2823
5176
5486
9045
5225
4000
4978
2603
9955
3920
180
2999
73
7020
338
1032
7627
1476
1768
6704
5701
1293
3635
9860
4878
2610
5358
8993
6105
4110
4568
3641
7180
4521
9322
6962
2752
4276
650
5966
4605
1263
6263
7336
2428
4924
9649
9350
5336
437
7988
1740
7888
8377
177
1709
8706
9278
6587
9026
249
2090
9042
8803
2683
3583
2128
8737
8213
380
2378
1754
1603
9101
1771
6441
32
4969
8766
7332
3419
8667
4590
7875
8769
2304
7473
89
7692
7742
6379
8660
4995
5872
9914
9291
7986
755
2912
5009
9830
7181
9797
9598
1197
5098
9025
7187
4155
2457
2318
3936
882
5545
117
4672
3108
7930
1308
7169
6447
1920
2160
8096
6282
1252
9812
1579
66
1271
9882
6843
498
1094
6901
3030
7631
9656
3736
3676
1176
4004
1265
7471
6889
217
5145
8828
1590
8616
2430
7887
9914
3627
5234
7258
7764
6539
1742
4445
9699
7791
5820
5463
8093
5718
6046
7050
6279
4996
7217
9774
6882
2754
7625
1312
7356
2856
2116
1570
2015
8549
4305
8351
2076
499
894
624
5138
9507
4843
4148
5769
6295
2047
8456
5567
9605
3825
2199
111
2636
1536
970
8833
9752
4827
7583
7275
2942
8264
7739
372
3586
646
9568
6276
1283
2277
9032
7954
296
423
2879
5275
1732
8705
3859
3772
744
7714
7944
5065
2759
1453
5706
3990
5198
5925
941
4664
7806
3134
7336
5508
9308
6280
5435
1996
6704
9236
564
3885
26
1793
3484
7742
979
8665
2168
7422
1755
4934
901
6456
8176
6552
1990
5402
754
7359
6197
2421
1909
4476
7687
6885
615
6586
9317
2998
2162
7069
682
6287
2335
9979
2019
4817
9381
9170
4966
7188
2129
5960
5970
6744
9623
4453
3501
8916
9856
20
8809
8687
2312
5091
8207
521
4254
8396
5435
8563
7277
9026
9901
9921
3190
3730
8641
6704
9743
2456
2641
636
4803
1552
7737
9373
8649
9259
8953
3957
5045
5042
5721
5801
231
9745
1980
8286
1166
194
3232
9621
8136
173
4863
7456
663
6540
6737
1016
4315
4433
2436
4397
8722
1780
6298
1265
6364
669
1201
5560
7378
3412
2504
1281
8661
1090
2233
6485
4585
3286
1500
4727
7939
5708
3258
5667
5862
2708
3036
5752
2679
5894
6454
9697
7679
2603
9488
5945
2285
6753
6790
3793
5575
6003
5495
5261
2567
4755
1819
2117
7905
3388
7477
8826
8590
1820
913
8131
7848
4240
4852
5941
8183
136
7705
3269
7702
99
8180
8256
821
5578
3904
5503
711
6707
561
9901
9566
9936
3773
568
7364
5058
8927
2122
946
8403
6344
3508
7463
4881
1582
82
3636
8628
5360
8557
1209
2841
364
9141
5881
5508
9007
3432
9234
6539
6410
1026
3378
4667
8690
1537
104
4778
9769
7041
1346
6754
6354
4289
7174
8851
9062
2827
1018
2579
8009
3704
1688
5589
8210
8901
5180
2581
2211
7561
681
5234
7564
4950
6520
9416
1339
6359
4275
8502
8572
3449
8730
3878
4456
9446
6681
9995
2423
5284
1962
4452
8591
4448
3135
7976
1033
7305
3625
7533
5048
7117
8111
2392
9011
2205
8179
4659
5457
1655
118
5284
1093
4017
8319
9170
7895
456
3489
4626
3054
2319
4374
2727
3823
1282
1241
5853
2527
3098
8032
52
3493
2808
8349
9125
6876
3854
1810
3898
2885
5715
3900
6954
58
3754
3043
2043
4640
4629
6744
1537
415
5055
9447
7314
508
5629
6929
7036
401
8378
9013
2520
4506
4960
1439
968
9573
2886
3018
7837
9156
8724
216
6799
8994
7916
3358
5268
7595
2021
2560
6649
6715
6898
5181
9655
3197
1826
4587
2877
2281
2592
9242
9254
9267
5297
5321
3928
4715
9227
4722
7800
4221
3732
8049
4066
270
63
8190
22
884
2144
3818
8722
3591
5742
2340
2029
8015
3648
6822
9051
2912
255
5852
8324
8324
1796
8755
9159
1114
392
9621
3478
1743
7581
4051
8161
7990
2871
7976
952
1041
8860
3829
5196
1773
9374
1082
732
6645
5261
9388
9980
9843
3792
4200
3895
8898
2116
5962
2580
6932
946
1366
6833
3257
9406
7685
4801
7489
5108
5970
8026
3123
7562
1453
6450
6015
9492
646
5105
5870
4519
6967
8518
2519
5912
7365
4145
3980
684
3674
1486
3172
2056
3812
1295
4686
3237
3659
9490
4050
277
375
1072
6680
467
6433
749
1053
9041
5511
9191
4766
3520
6354
1419
9315
4261
1375
6020
5154
3758
7835
2042
1615
7241
4556
2301
401
4673
6646
1925
3685
3922
4070
6472
6414
9580
3035
460
5878
8587
8437
5742
2002
6739
8283
3849
250
957
7968
4813
8465
7758
7508
2927
4030
7224
7176
1789
2851
5933
6723
4579
4372
3663
6220
603
6163
336
3803
7457
9213
5492
7361
1614
4510
2300
178
7910
6554
6602
372
6622
3273
8584
3211
9087
367
2921
2148
7512
7701
5788
6811
6822
8120
5136
4411
5140
928
1335
6441
9284
6262
1612
8222
2217
6858
3868
959
6729
8807
6250
9389
5737
4840
5874
8198
6009
6883
3494
1626
2428
8066
5569
4985
5883
8876
315
8400
3090
2617
4560
6928
2065
9785
4673
9536
1086
3025
9158
6098
1137
8830
918
527
836
6992
7205
5844
3471
3161
7190
4337
6700
8150
9864
9377
4227
4258
3410
7406
4079
3839
6183
2051
7744
2304
7829
4788
6871
8210
9458
1752
8770
5165
336
1554
7267
7077
6297
7040
8954
9695
5661
494
641
1406
8065
2356
5651
6702
335
3562
1992
1798
9834
1116
3335
8689
528
5787
6048
4134
3513
2908
6118
7529
5600
7324
250
6730
600
8507
9799
873
8593
6865
2133
3020
2329
5750
213
9509
2042
4923
2568
5490
2874
8119
7427
4980
5213
2445
969
1718
4735
7197
8674
2724
7914
8581
5795
3578
9965
5458
3338
1390
345
4258
7023
4439
1386
5713
6763
7474
7177
572
7593
2188
8599
1924
1938
2269
8195
8024
7328
8295
6776
9358
5565
8445
1945
3484
460
7519
2838
9453
4100
2402
2461
9727
2326
9307
6581
6695
6625
1912
2495
4340
7759
8213
5759
6257
6510
7889
9870
7672
2823
9148
6199
1281
9772
8572
8084
8666
8717
7778
9368
5061
1164
2373
5236
6041
5615
7020
2014
607
7611
7220
4916
1702
5146
8746
5966
7094
5299
2424
4582
3524
6881
6468
1042
9850
7758
8218
7377
5727
8986
6259
5415
3687
7168
4380
2222
5853
2550
5373
9375
3863
4666
4316
5028
2000
7026
7058
3619
4127
9833
6115
6740
7893
8528
1489
460
6659
5779
232
3248
8068
699
7456
4334
7675
7271
8869
454
2784
6697
6770
6308
2373
2093
6527
3214
218
3131
248
4860
2859
4101
6880
5888
152
9557
1044
3771
3484
2801
280
3672
5632
7589
6589
9572
3560
7762
2505
712
8531
3305
6445
4931
1805
5182
3265
6363
7058
491
504
7037
8670
6965
5071
397
9358
7632
6553
4821
5258
8694
4649
2223
355
670
522
4702
842
8631
1153
4835
2573
2116
894
7911
8489
7548
3199
9780
1400
4325
4129
9257
3587
1727
4732
7478
6916
4079
1598
3058
8422
9852
2977
3405
2500
4181
9007
39
3561
6704
2203
9272
1236
7826
6804
2096
1436
2962
9338
7185
6645
3193
5223
9555
4553
4491
8551
2474
4843
6625
2321
2124
7452
9613
46
3506
2134
7452
6040
1479
2532
4715
237
5176
5682
6723
3350
8910
4821
4269
2845
8320
1795
2574
5002
2901
301
5532
8717
4766
3081
7441
1837
9557
895
5834
5959
4960
7389
5830
2505
6188
3591
1711
3368
2479
9609
6732
4452
4797
8265
925
7981
3561
2040
5416
4539
5476
5284
9018
2976
5401
6366
3185
7717
1661
5797
9178
3472
6159
4266
7295
5388
6431
4165
3367
7499
5862
4136
3006
2195
2206
8238
6770
8646
7236
2041
6197
1097
3335
4065
3747
4996
1624
6817
1413
6151
4022
5869
11
9286
1256
5978
7767
9686
5040
3391
6944
3974
4549
2391
9214
7347
7220
5238
5923
1684
6787
2821
8618
2303
5417
268
7640
312
3119
1009
9841
8285
1023
9333
1088
6814
556
3155
5777
4569
3827
8270
4730
953
9870
7863
5376
4119
7833
5551
4629
5322
5291
5933
2252
9835
5978
6678
8333
2698
3213
2377
3965
294
381
2705
6120
1035
8563
8733
6639
299
2402
8596
5395
8773
4100
1378
9544
3589
7249
4807
9113
7061
1374
551
9355
7587
8317
6721
2678
973
3870
313
4732
8115
4546
5369
8876
9195
1222
7102
3191
6736
1815
5965
9129
5796
9863
1447
8267
9023
849
68
1684
5873
9713
7656
8815
1977
2195
7406
7100
6579
4987
9472
7005
2464
2937
9286
381
1898
667
5834
6266
7449
9645
5656
3370
3845
6612
2558
659
902
3828
2516
8249
4575
1714
6669
1624
1307
3835
4930
24
5300
7064
6930
2589
7351
9705
7343
5880
2113
4347
8571
2135
4309
6910
6367
8022
1156
683
8174
4424
2087
2773
4218
2758
9865
5254
347
2062
1764
9011
7316
9836
8313
1537
3423
2730
9571
960
7080
9036
5354
6869
4040
3870
908
3900
2807
3189
9435
3072
2290
7977
9890
1353
1305
7738
605
618
5689
5942
5486
9496
2713
6507
7161
5332
6480
5079
7461
5235
3759
64
5625
9056
8858
1452
6274
7939
1070
406
5366
3572
4990
7334
7823
2556
3845
652
8096
6215
9789
9064
8899
6869
3742
2244
517
8645
5317
8808
3486
4864
8753
8870
7449
3499
7981
9991
6046
539
7704
4957
3013
6877
9432
627
3079
3119
6465
1790
2392
2991
3865
7441
3861
8081
1547
3240
3742
8529
9479
5629
2921
6061
7860
5298
9682
7460
8256
5054
227
9907
2902
1465
7209
5106
6172
8466
6163
3108
4286
1268
2658
7134
4251
4072
3288
5515
6286
8140
8421
8610
1331
357
6088
5171
7920
165
6508
7739
7421
6198
5637
6668
3586
4606
4509
7675
9793
2475
5307
5419
1319
5276
2493
9368
1774
3941
8451
3452
4430
5873
6466
458
9324
6387
6104
2628
1976
7673
3147
3974
8345
3399
7396
8420
3668
2849
8772
9742
3535
4758
8369
3550
5117
7176
8892
2654
3349
5524
2846
9573
8497
2584
128
8014
4822
6597
4441
1917
2135
9638
9966
7225
1608
9905
6422
5036
5156
5919
849
5045
5925
2345
7627
6843
1525
8176
2694
794
5104
8920
2157
8778
4393
6188
2128
8501
5432
1258
4004
8911
2516
7653
2927
2161
2983
7455
9449
2155
6927
860
5468
5177
5742
4563
7313
8363
8459
748
5516
1094
8437
1609
2809
9496
683
8506
6943
3409
3035
6908
8566
9279
8892
7457
1075
4540
5887
218
4430
3837
1336
1046
8547
3574
7048
425
2851
7952
6300
7235
5366
6632
1934
8511
1591
6922
6202
6809
3382
5463
1873
2547
6069
3308
8246
722
4257
9544
224
543
8686
9955
9323
3015
1984
4781
9547
7740
8
2222
1572
8350
2206
5508
7829
5226
5518
3781
8589
5364
9079
7355
6991
4905
7212
2498
3446
6674
9458
9502
649
2996
623
5619
9357
2572
4194
9338
7336
9500
6515
9979
2087
8587
4893
9656
927
8887
450
8059
5505
5326
2223
8573
9996
1272
9185
5666
3240
2760
4535
5280
2848
1835
3645
1755
8011
3264
1770
9231
3801
2958
3491
7272
7006
7584
157
6186
3553
9421
1091
659
9679
4659
4197
1765
5277
8082
237
2439
6290
2538
2757
4318
1307
4094
7857
2157
3146
6258
1371
223
1788
5156
1008
3472
2646
3260
10000
3217
7042
297
9728
5177
576
6119
5123
4783
6360
8698
3811
3345
2583
6322
7343
8233
931
7335
4992
6109
6235
2537
2583
1035
1294
729
9606
2381
6313
4927
6221
3441
278
4936
6471
7524
7677
2392
8676
2002
3073
7849
7705
5542
9028
2345
7005
2148
5482
643
2717
9182
9326
5562
3079
7846
9365
5578
2300
9722
9308
316
2852
986
5874
5335
9242
1300
1807
4643
855
3779
5761
9963
7279
1234
9365
4496
275
1947
9513
9181
7337
6720
9654
2861
146
1919
6779
7130
9983
8568
6139
4984
2611
6499
6641
3702
148
21
4498
6225
23
9259
5957
5010
8919
8175
2054
1170
2595
3179
3254
7834
4258
8274
3418
4127
8164
4100
7441
5981
2722
997
3908
1706
502
9774
3703
7945
6560
5770
3640
6982
7657
880
1049
2133
2193
6151
479
3378
9426
1065
5257
4178
7978
8541
2732
5018
3990
6939
7313
4964
1633
1902
6059
3193
794
6211
4650
8839
6437
6109
135
5656
1135
9041
8309
3964
6623
2815
9233
520
359
9811
6597
1124
8245
8742
999
777
903
8391
9562
4075
6529
4674
7861
5708
2761
9953
6299
1948
3383
2962
4644
7414
6590
9581
9725
9053
4505
7719
570
7987
1092
6505
1927
7063
7948
6934
7408
2964
4648
4041
1760
1267
8003
6296
3376
6516
6712
6732
5250
1152
9837
3008
2376
4162
2862
4991
5070
4716
7306
4656
3776
2832
858
7222
8979
7507
7461
7971
1839
2273
3504
3382
8505
6690
4842
7167
9788
7394
3731
6967
6042
2247
2406
7247
6304
2952
7377
9759
7876
4935
5020
6247
5882
2390
5129
7174
7915
8388
5978
1864
3137
9688
5386
2183
4728
9808
2098
5016
8997
9322
2100
8376
2580
9381
7585
7917
3777
9143
2795
4863
2151
2565
22
5828
4446
816
4476
9267
7816
5726
37
9773
881
4477
6444
7854
2643